dataset = (W statistic, p-value)
--------------------------------

normal1.txt = (0.9982383251190186, 0.39711618423461914)
normal2.txt = (0.9983265995979309, 0.446877658367157)
normal3.txt = (0.9985044598579407, 0.5575643181800842)
lognormal.txt = (0.6020275354385376, 6.389920997321166e-43)
uniform.txt  = (0.9523295760154724, 1.7556177273776516e-17)
exponential.txt = (0.8457155227661133, 4.3176400272934485e-30)
